+14253562252
+18784269262
+17123308319
+19319366889
+12189997640
+12012916245
+19705624852
+19377942772
+14329909428
+17792589566
+12062762936
+14796063743
+13379857065
+17182532849
+16612306484
+13050067081
+13399860811
+16148142711
+16606069704
+17745330231
+17144155462
+14325182324
+17343732897
+16308760782
+17792891896
+17604870747
+18561497973
+17698699012
+12408037575
+17033227579
+17624277433
+15124440279
+18029225918
+13024644145
+15315860746
+16108002835
+18289136977
+13144862404
+19516050431
+16168933514
+16082270466
+15100894758
+16504921404
+18583313492
+19780156813
+18723344319
+19252398665
+12106014388
+15120926283
+15850095348
+13304605459
+14757615838
+15129881201
+19419698407
+12535156508
+17268447290
+14788828460
+19591509283
+14138202137
+14132111714
+13395786454
+16696608661
+19472952289
+19854610452
+17404634247
+15643706115
+17076756832
+13167664372
+12083328672
+12569214830
+17087772016
+19069366370
+18160930721
+19187919639
+18631243374
+17263657083
+16623865992
+14698175793
+12031321919
+16299399271
+17651948681
+16190305260
+13093574968
+15869959073
+16198711762
+12763487151
+13078413845
+19736358902
+13052190235
+13038245613
+15414060073
+15183318680
+13207515099
+19072649693
+12077942583
+12075669567
+15717840621
+18606916977
+19036479320
+19096507635
+15075041506
+19478936267
+15635758428
+16305055591
+15750593513
+19840441885
+15517183033
+18103220979
+14845192682
+13175590691
+14787054611
+16010772637
+19144331527
+13105387017
+16189131233
+17693307287
+16698324570
+13021174968
+14321574733
+13182842753
+18584552406
+19809148501
+12252534957
+15055409755
+13464024301
+13122906775
+18622691399
+17043927856
+17439989648
+16179294947
+14176324795
+14400033659
+19072557716
+15120893361
+17792845026
+17375070391
+18630898940
+19364292331
+19785463395
+15168156842
+19471273528
+16892517487
+12246735002
+18065827698
+18643215367
+13340782068
+14050288992
+12728516240
+18431426801
+19304719295
+17040611762
+14793554615
+16088760275
+19203203419
+12670195541
+16093404188
+13258779153
+15072653846
+16509750346
+14083010234
+19360533271
+19039836073
+18054415397
+18565825014
+17032437753
+16163220024
+18728539161
+16785160096
+17430132308
+18063018659
+17378072886
+18022796666
+14137663301
+13867539026
+16039624944
+18031233024
+15050463836
+14023262954
+13042587334
+16809527898
+13086739628
+19497339659
+18434827806
+17031783805
+12243384912
+18487924453
+16462729134
+19388548082
+12185836773
+18170492878
+17855183550
+12075868938
+13379406664
+17128402193
+12169269137
+19258613985
+13076326417
+18587994608
+18068598087
+14785137153
+14100410745
+18607624839
+16121124892
+16295590686
+14580122755
+16285702864
+13176547075
+12016336170
+16600434921
+16570639402
+12706037692
+16672394119
+16596886361
+13082852405
+15755116048
+15635077645
+12720863650
+13511464426
+14787544444
+17061364845
+18171261193
+16594063125
+16078588557
+12069924601
+18061436368
+16578772227
+19208607396
+18329985602
+13161490059
+17853019430
+19546547551
+19013098127
+17028367737
+12093998740
+18597503088
+12190229105
+13089676223
+12104312615
+13130808996
+14345944942
+13072657831
+13348162574
+15854430838
+17740969492
+17136611702
+19412866691
+17125846189
+19850709736
+18177826507
+14703117828
+16410657017
+19063131350
+19510636508
+13100014289
+19318169576
+12082554887
+15591679248
+16261008967
+19545010494
+17344495916
+12484444613
+17742792114
+19281228118
+19285065636
+18068467630
+14150217102
+19899610796
+19892386144
+17121165318
+15082764748
+12165284927
+15055870804
+15125323940
+14010000872
+19360518441
+12188817576
+15677119799
+19511564745
+12299587236
+17631711237
+12143571644
+12162803182
+14324942400
+12538038370
+12015321136
+17699874279
+13107616837
+16150225912
+16174071756
+16828927308
+19840454682
+16695223483
+12172401593
+15011957412
+16023323267
+19191884499
+17129171591
+15676676819
+17709326241
+16070607028
+14328720951
+16614083819
+13210933217
+19404966356
+16286462887
+12015834110
+16363670447
+12531608339
+15172786720
+14023814895
+15627774824
+12178475237
+19095726521
+13146877031
+19343773799
+17207316593
+17739062978
+19595606780
+14172674780
+18172351257
+17125053945
+16698577692
+12240385515
+18179362362
+15050302767
+16579592087
+15807056158
+15739735610
+17734947773
+12409491892
+17636305633
+18725187209
+14067263339
+16268157631
+13858535608
+12155167132
+18630717913
+19522235896
+16691511905
+17010316618
+18301593792
+14256601499
+15633340210
+13082635399
+14355139177
+12813988510
+19159498151
+17694716283
+19718368238
+19105251927
+16208525992
+17576239997
+18068865239
+17246457519
+16062563541
+17171419942
+17735413865
+12155354951
+13042707623
+17207147737
+15740680789
+14093865305
+17261101243
+15127739844
+13192507451
+18149149354
+15640581863
+16012013730
+16197304598
+13033860040
+12021588402
+14094513482
+19590340199
+14342770326
+17472340866
+19108552894
+16280345847
+17245390473
+18172114792
+13074037698
+13607750838
+16292126856
+16616209053
+15514026641
+13020975055
+13373118802
+14251505441
+15054892534
+17164947978
+14780681674
+17032169442
+18781365121
+14024492428
+14071944319
+19147790749
+16094380276
+18607678588
+19387377502
+13372311802
+17740167130
+18577104952
+13199282060
+13051085363
+12606887267
+12519965625
+17632084103
+19568181037
+19147682168
+13055301963
+15024286406
+14104032111
+18123042792
+17066523231
+18289903524
+15592557797
+15154249758
+12121824536
+17146008075
+13643369373
+17372288903
+19157006848
+13211366729
+17039602216
+18572494782
+19081376137
+17041046579
+19065947769
+15517367276
+14046705383
+16063273170
+13046086240
+18471512650
+17071574169
+14025997149
+15082925936
+14122811779
+16826694401
+12566579809
+14062276702
+15027795281
+16230635020
+18179286282
+16626081935
+15103716560
+12766744599
+18607706246
+16038808484
+15703460684
+18388936712
+14698691236
+16513004729
+13464404628
+15670401605
+15010668370
+17080708257
+16207041220
+13256061337
+15081568670
+16101532877
+16506362106
+12133895792
+15635287338
+13054668209
+15808211809
+14124978694
+14324484181
+15717743063
+12080875021
+17620682596
+15130688491
+13528336141
+15629554015
+18281286051
+18599308798
+18380953879
+19130153151
+12034886354
+12191505445
+15093367761
+12174286842
+16034040970
+18162127167
+17634966503
+19202112234
+14422842934
+16896948323
+14062545279
+16143702493
+17061667468
+13300129331
+17141506983
+17479040406
+12768226991
+13101091238
+17621286980
+18659751598
+13141327994
+13609441191
+17476544803
+13051713087
+16051737952
+18038512294
+16309547109
+17852062233
+12315934720
+13041225443
+17141158397
+17855400748
+16033872209
+17246352680
